22.9
19.5
16
13.4
10.7
28
24.7
21.7
18.7
16
36.8
33.6
30.6
27.5
24.7
46.4
43.4
40.4
37.5
34.5
56.9
53.8
50.9
48
45.1
93.6
75.9
59.9
45.3
32.7
110.2
93.6
78.1
63.9
51.3
112.7
96.2
80.8
66.5
53.7
125.7
109.9
94.8
80.9
68.3
127.9
112
97.1
83.2
70.4
11
12.7
14.6
16.5
19.3
16.9
18.7
20.6
22.8
25.1
26.7
28.8
30.4
32.6
35.2
39.8
41.4
43.4
45.4
47.7
52.3
54.3
56.4
58.5
60.7
39.4
46.8
55.7
66.4
79.1
63
71.2
80.8
91.6
104
65.8
74.1
83.7
94.6
106.9
86.2
95.4
105.1
116.1
128.4
89.1
98.2
108.3
119.4
131.5