21
17.8
14.7
12
9.5
26.2
22.9
20
17
14.4
35
32.1
29.1
26.2
23.4
44.6
41.4
38.5
36
33.2
55.2
51.8
49.3
46.3
43.5
91.6
74
58
43.5
31.3
108.1
91.5
76.2
62
49.5
110
93.5
78.2
64.2
51.5
123.3
107.4
92.6
78.6
66.1
124.1
108.4
93.6
79.9
67.3
10
11.6
13.5
15.5
18
15.5
17.2
19.2
21.2
23.6
25.4
27.2
29.1
31.1
33.3
38
39.9
41.9
43.9
46.1
50.6
52.6
54.7
56.8
59
37.7
45.1
53.8
64.4
76.9
60.9
69.3
79
89.6
101.8
63.3
71.7
81
92
104.2
83.5
92.6
102.6
113.7
125.8
85.6
94.6
104.7
115.8
127.8