0.02739726
0.02739726
0.02739726
0.02739726
0.02739726
0.052054795
0.052054795
0.052054795
0.052054795
0.052054795
0.104109589
0.104109589
0.104109589
0.104109589
0.104109589
0.180821918
0.180821918
0.180821918
0.180821918
0.180821918
0.276712329
0.276712329
0.276712329
0.276712329
0.276712329
0.301369863
0.301369863
0.301369863
0.301369863
0.301369863
0.526027397
0.526027397
0.526027397
0.526027397
0.526027397
0.553424658
0.553424658
0.553424658
0.553424658
0.553424658
0.775342466
0.775342466
0.775342466
0.775342466
0.775342466
0.805479452
0.805479452
0.805479452
0.805479452
0.805479452
0.02739726
0.02739726
0.02739726
0.02739726
0.02739726
0.052054795
0.052054795
0.052054795
0.052054795
0.052054795
0.104109589
0.104109589
0.104109589
0.104109589
0.104109589
0.180821918
0.180821918
0.180821918
0.180821918
0.180821918
0.276712329
0.276712329
0.276712329
0.276712329
0.276712329
0.301369863
0.301369863
0.301369863
0.301369863
0.301369863
0.526027397
0.526027397
0.526027397
0.526027397
0.526027397
0.553424658
0.553424658
0.553424658
0.553424658
0.553424658
0.775342466
0.775342466
0.775342466
0.775342466
0.775342466
0.805479452
0.805479452
0.805479452
0.805479452
0.805479452