21.95 
18.65 
15.35 
12.70 
10.10 
27.10 
23.80 
20.85 
17.85 
15.20 
35.90 
32.85 
29.85 
26.85 
24.05 
45.50 
42.40 
39.45 
36.75 
33.85 
56.05 
52.80 
50.10 
47.15 
44.30 
92.60 
74.95 
58.95 
44.40 
32.00 
109.15 
92.55 
77.15 
62.95 
50.40 
111.35 
94.85 
79.50 
65.35 
52.60 
124.50 
108.65 
93.70 
79.75 
67.20 
126.00 
110.20 
95.35 
81.55 
68.85 
10.50 
12.15 
14.05 
16.00 
18.65 
16.20 
17.95 
19.90 
22.00 
24.35 
26.05 
28.00 
29.75 
31.85 
34.25 
38.90 
40.65 
42.65 
44.65 
46.90 
51.45 
53.45 
55.55 
57.65 
59.85 
38.55 
45.95 
54.75 
65.40 
78.00 
61.95 
70.25 
79.90 
90.60 
102.90 
64.55 
72.90 
82.35 
93.30 
105.55 
84.85 
94.00 
103.85 
114.90 
127.10 
87.35 
96.40 
106.50 
117.60 
129.65 