0.007075485
0.007075485
0.007075485
0.007075485
0.007075485
0.01113911
0.01113911
0.01113911
0.01113911
0.01113911
0.01397321
0.01397321
0.01397321
0.01397321
0.01397321
0.01971599
0.01971599
0.01971599
0.01971599
0.01971599
0.01921906
0.01921906
0.01921906
0.01921906
0.01921906
0.01933818
0.01933818
0.019328
0.019328
0.019328
0.02013905
0.02013905
0.02012845
0.02012845
0.02012845
0.02022524
0.02022524
0.02022524
0.02022524
0.02022524
0.02077359
0.02077359
0.02077359
0.02077359
0.02077359
0.02076786
0.02076786
0.02076786
0.02076786
0.02076786
0.007075485
0.007075485
0.007075485
0.007075485
0.007075485
0.01113911
0.01113911
0.01113911
0.01113911
0.01113911
0.01397321
0.01397321
0.01397321
0.01397321
0.01397321
0.01971599
0.01971599
0.01971599
0.01971599
0.01971599
0.01921906
0.01921906
0.01921906
0.01921906
0.01921906
0.01933818
0.01933818
0.019328
0.019328
0.019328
0.02013905
0.02013905
0.02012845
0.02012845
0.02012845
0.02022524
0.02022524
0.02022524
0.02022524
0.02022524
0.02077359
0.02077359
0.02077359
0.02077359
0.02077359
0.02076786
0.02076786
0.02076786
0.02076786
0.02076786