0.001267533
0.001267533
0.001267533
0.001267533
0.001267533
0.001403421
0.001403421
0.001403421
0.001403421
0.001403421
0.001685539
0.001685539
0.001685539
0.001685539
0.001685539
0.002072742
0.002072742
0.002072742
0.002072742
0.002072742
0.00246801
0.00246801
0.00246801
0.00246801
0.00246801
0.002564289
0.002564289
0.002564289
0.002564289
0.002564289
0.003459903
0.003459903
0.003459903
0.003459903
0.003459903
0.003581149
0.003581149
0.003581149
0.003581149
0.003581149
0.004562969
0.004562969
0.004562969
0.004562969
0.004562969
0.004696266
0.004696266
0.004696266
0.004696266
0.004696266
0.001267533
0.001267533
0.001267533
0.001267533
0.001267533
0.001403421
0.001403421
0.001403421
0.001403421
0.001403421
0.001685539
0.001685539
0.001685539
0.001685539
0.001685539
0.002072742
0.002072742
0.002072742
0.002072742
0.002072742
0.00246801
0.00246801
0.00246801
0.00246801
0.00246801
0.002564289
0.002564289
0.002564289
0.002564289
0.002564289
0.003459903
0.003459903
0.003459903
0.003459903
0.003459903
0.003581149
0.003581149
0.003581149
0.003581149
0.003581149
0.004562969
0.004562969
0.004562969
0.004562969
0.004562969
0.004696266
0.004696266
0.004696266
0.004696266
0.004696266