14.3
11.5
9.2
7.3
5.5
20.1
17.3
14.9
12.4
10.3
29
26
23.4
20.9
18.7
38.9
36.2
33.5
30.8
28.3
49.6
46.7
43.9
41.3
38.7
84.7
67.6
52.6
39.2
27.8
101.8
86
71
57.5
45.7
104.1
88.2
73.5
60.2
48.2
117.7
102.4
88
74.8
62.7
121.5
105.3
91.8
78.4
66.1
18.4
21
23.6
27
30.1
24.8
27.2
29.6
32.5
35.7
34.6
36.5
38.9
41.5
44.1
47.5
49.7
52
54.4
57
60.4
62.6
64.8
67.2
69.7
46
54
63.8
75.5
89.4
70.1
78.7
88.9
100.8
113.7
72.6
81.7
92.1
103.8
116.8
93.5
103.4
114.1
125.7
138.5
96.8
106.2
117.7
129.4
142.2