13.1
10.4
8.1
6.1
4.4
18.6
15.9
13.4
11.1
9.1
27.5
24.6
22.2
19.7
17.2
37.4
34.7
31.9
29.4
26.8
47.8
44.9
42.3
39.7
37
82.1
65.3
50.3
36.9
25.9
99.2
83.5
69
55.2
43.6
101.2
85.2
70.8
57.5
45.7
114.4
99.2
84.9
71.8
59.8
115.3
100.4
85.9
72.8
60.7
16.9
19.3
21.7
25
28.1
23
25.4
27.7
30.5
33.5
32.9
34.9
37.3
39.8
42.4
45.9
48.1
50.4
52.9
55.4
58.6
60.8
63
65.5
68
43.5
51.8
61.4
72.9
86.6
67.5
76.6
86.7
98.7
111.2
70
79.1
89.3
100.9
113.9
90.3
99.9
110.5
122.2
135.1
90.7
101.4
111.6
123.3
136.1