0.024657534
0.024657534
0.024657534
0.024657534
0.024657534
0.049315068
0.049315068
0.049315068
0.049315068
0.049315068
0.101369863
0.101369863
0.101369863
0.101369863
0.101369863
0.178082192
0.178082192
0.178082192
0.178082192
0.178082192
0.273972603
0.273972603
0.273972603
0.273972603
0.273972603
0.298630137
0.298630137
0.298630137
0.298630137
0.298630137
0.523287671
0.523287671
0.523287671
0.523287671
0.523287671
0.550684932
0.550684932
0.550684932
0.550684932
0.550684932
0.77260274
0.77260274
0.77260274
0.77260274
0.77260274
0.802739726
0.802739726
0.802739726
0.802739726
0.802739726
0.024657534
0.024657534
0.024657534
0.024657534
0.024657534
0.049315068
0.049315068
0.049315068
0.049315068
0.049315068
0.101369863
0.101369863
0.101369863
0.101369863
0.101369863
0.178082192
0.178082192
0.178082192
0.178082192
0.178082192
0.273972603
0.273972603
0.273972603
0.273972603
0.273972603
0.298630137
0.298630137
0.298630137
0.298630137
0.298630137
0.523287671
0.523287671
0.523287671
0.523287671
0.523287671
0.550684932
0.550684932
0.550684932
0.550684932
0.550684932
0.77260274
0.77260274
0.77260274
0.77260274
0.77260274
0.802739726
0.802739726
0.802739726
0.802739726
0.802739726











