13.70 
10.95 
8.65 
6.70 
4.95 
19.35 
16.60 
14.15 
11.75 
9.70 
28.25 
25.30 
22.80 
20.30 
17.95 
38.15 
35.45 
32.70 
30.10 
27.55 
48.70 
45.80 
43.10 
40.50 
37.85 
83.40 
66.45 
51.45 
38.05 
26.85 
100.50 
84.75 
70.00 
56.35 
44.65 
102.65 
86.70 
72.15 
58.85 
46.95 
116.05 
100.80 
86.45 
73.30 
61.25 
118.40 
102.85 
88.85 
75.60 
63.40 
17.65 
20.15 
22.65 
26.00 
29.10 
23.90 
26.30 
28.65 
31.50 
34.60 
33.75 
35.70 
38.10 
40.65 
43.25 
46.70 
48.90 
51.20 
53.65 
56.20 
59.50 
61.70 
63.90 
66.35 
68.85 
44.75 
52.90 
62.60 
74.20 
88.00 
68.80 
77.65 
87.80 
99.75 
112.45 
71.30 
80.40 
90.70 
102.35 
115.35 
91.90 
101.65 
112.30 
123.95 
136.80 
93.75 
103.80 
114.65 
126.35 
139.15 
