0.003079956
0.003079956
0.003079956
0.003079956
0.003079956
0.009376797
0.009376797
0.009376797
0.009376797
0.009376797
0.01345422
0.01345422
0.01345422
0.01345422
0.01345422
0.01949725
0.01949725
0.01949725
0.01949725
0.01949725
0.01912245
0.01912245
0.01912245
0.01912245
0.01912245
0.01925472
0.01925472
0.01925472
0.01925472
0.01925472
0.02016631
0.02016631
0.02016631
0.02016631
0.02016631
0.020271
0.020271
0.020271
0.020271
0.020271
0.02086096
0.02086096
0.02086096
0.02086096
0.02086096
0.02085848
0.02085848
0.02085848
0.02085848
0.02085848
0.003079956
0.003079956
0.003079956
0.003079956
0.003079956
0.009376797
0.009376797
0.009376797
0.009376797
0.009376797
0.01345422
0.01345422
0.01345422
0.01345422
0.01345422
0.01949725
0.01949725
0.01949725
0.01949725
0.01949725
0.01912245
0.01912245
0.01912245
0.01912245
0.01912245
0.01925472
0.01925472
0.01925472
0.01925472
0.01925472
0.02016631
0.02016631
0.02016631
0.02016631
0.02016631
0.020271
0.020271
0.020271
0.020271
0.020271
0.02086096
0.02086096
0.02086096
0.02086096
0.02086096
0.02085848
0.02085848
0.02085848
0.02085848
0.02085848











