0.001274811
0.001274811
0.001274811
0.001274811
0.001274811
0.001398381
0.001398381
0.001398381
0.001398381
0.001398381
0.00166544
0.00166544
0.00166544
0.00166544
0.00166544
0.002054045
0.002054045
0.002054045
0.002054045
0.002054045
0.002452324
0.002452324
0.002452324
0.002452324
0.002452324
0.002550651
0.002550651
0.002550651
0.002550651
0.002550651
0.003461079
0.003461079
0.003461079
0.003461079
0.003461079
0.003582595
0.003582595
0.003582595
0.003582595
0.003582595
0.004566599
0.004566599
0.004566599
0.004566599
0.004566599
0.004700192
0.004700192
0.004700192
0.004700192
0.004700192
0.001274811
0.001274811
0.001274811
0.001274811
0.001274811
0.001398381
0.001398381
0.001398381
0.001398381
0.001398381
0.00166544
0.00166544
0.00166544
0.00166544
0.00166544
0.002054045
0.002054045
0.002054045
0.002054045
0.002054045
0.002452324
0.002452324
0.002452324
0.002452324
0.002452324
0.002550651
0.002550651
0.002550651
0.002550651
0.002550651
0.003461079
0.003461079
0.003461079
0.003461079
0.003461079
0.003582595
0.003582595
0.003582595
0.003582595
0.003582595
0.004566599
0.004566599
0.004566599
0.004566599
0.004566599
0.004700192
0.004700192
0.004700192
0.004700192
0.004700192











