1850
1855
1860
1865
1870
1850
1855
1860
1865
1870
1850
1855
1860
1865
1870
1850
1855
1860
1865
1870
1850
1855
1860
1865
1870
1800
1825
1850
1875
1900
1800
1825
1850
1875
1900
1800
1825
1850
1875
1900
1800
1825
1850
1875
1900
1800
1825
1850
1875
1900
1850
1855
1860
1865
1870
1850
1855
1860
1865
1870
1850
1855
1860
1865
1870
1850
1855
1860
1865
1870
1850
1855
1860
1865
1870
1800
1825
1850
1875
1900
1800
1825
1850
1875
1900
1800
1825
1850
1875
1900
1800
1825
1850
1875
1900
1800
1825
1850
1875
1900
