0.692647056
0.696342071
0.685266207
0.685618914
0.684005523
0.685870772
0.696092838
0.697537529
0.696790535
0.690343253
0.684963788
0.681023991
0.686827252
0.691545899
0.689791557
0.687280002
0.677881247
0.68097338
0.67838881
0.677576586
0.682288437
0.674270125
0.679200374
0.688737472
0.692096629
0.683298845
0.690844531
0.683298845
0.680061941
0.686021856
0.688837909
0.677881247
0.686575635
0.680467127
0.678896115
0.679048256
0.679960619
0.669827375
0.669929729
0.669827375
0.671821394
0.665519013
0.665724595
0.666392443
0.671463786
0.667265111
0.677170226
0.67965659
0.683298845
0.68299583
0.684156889
0.68122641
0.683753195
0.681378197
0.684257787
0.676560377
0.674677664
0.670748186
0.672178874
0.678439552
0.68061903
0.670083241
0.674575795
0.665981512
0.666597845
0.674575795
0.671310486
0.672893452
0.679200374
0.681125205
0.675746666
0.678490291
0.68061903
0.687632
0.69064405
0.68928975
0.690593924
0.689641041
0.684762124
0.684257787
0.681175809
0.677779703
0.684711702
0.682035676
0.687531442
0.690694174
0.696092838
0.692697079
0.695045378
0.692597029
0.694795821
0.688988545
0.692897149
0.686575635
0.688938336
0.69009252
0.6824906
0.683955062
0.685165411
0.680568398
0.674168214
0.670236729
0.666649189
0.664696264
0.652949991
0.647522003
0.640168256
0.626152312
0.625831473
0.623904278
0.623314671
0.624332865
0.621704883
0.630313871
0.616644035
0.616913875
0.609765572
0.607371404
0.604097364
0.599440714
0.58856414
0.578801979
0.574813994
0.57013173
0.568773726
0.56423368
0.565711457
0.561385649
0.564176799
0.58455924
0.588175478
0.578577726
0.597351883
0.597792
0.60529909
0.617561194
0.616374122
0.613291955
0.608242673
0.612208238
0.592553065
0.576894224
0.570810041
0.567527267
0.571770194
0.556238663
0.557041048
0.548468169
0.536317917
0.533154469
0.550488547
0.553597716
0.546327894
0.548352596
0.547022539
0.539529692
0.513182843
0.486553423
0.484276289
0.463545319
0.441604155
0.463796907
0.493048544
0.497801173
0.474742384
0.458626656
0.467249841
0.464362749
0.446479084
0.44743844
0.444942199
0.430742915
0.403062223
0.394808528
0.387979794
0.404731506
0.402661181
0.402259977
0.387097451
0.400452566
0.417591288
0.436446846
0.42696564
0.432171951
0.430287794
0.397701717
0.400117502
0.390960422
0.38390093
0.384241472
0.399782325
0.38865799
0.39102806
0.407862233
0.401724788
0.425659815
0.44346713
0.440574819
0.406464608
0.400117502
0.393729852
0.386893723
0.387369024
0.387979794
0.377065634
0.364087404
0.365267918
0.377956869
0.383764681
0.374868434
0.385262401
0.399916409
0.41177847
0.419762413
0.416339105
0.393527471
0.37163252
0.379258016
0.380625818
0.387504783
0.366031039
0.331316109
0.333252774
0.3276477
0.322373312
0.335972112
0.34564433
0.353961265
0.357744372
0.374318379
0.355153788
0.368662802
0.369354221
0.379121133
0.391163323
0.398641883
0.374455921
0.364434759
0.355504259
0.361513221
0.357534574
0.353329354
0.35143122
0.357254776
0.366932158
0.370666603
0.370252352
0.350727292
0.358862549
0.358932394
0.340393111
0.340037303
0.350234247
0.344865486
0.343164082
0.320342855
0.318671889
0.327431492
0.332105574
0.336615084
0.341033248
0.339111608
0.355924663
0.371977264
0.369146845
0.376516786
0.383969048
0.375143348
0.368316912
0.359072069
0.355293991
0.359281544
0.369354221
0.386961637
0.394471567
0.390013004
0.387369024
0.386350244
0.38390093
0.383423977
0.395684096
0.398440493
0.405265088
0.400452566
0.391839365
0.374249601
0.383423977
0.37101168
0.386757881
0.383764681
0.381513887
0.380694159
0.390148404
0.391366184
0.400184524
0.406664389
0.41144718
0.414490919
0.406664389
0.420944679
0.413234845
0.423370512
0.415877378
0.421207215
0.417393679
0.428400079
0.436769958
0.454572682
0.460205787
0.465870098
0.464237034
0.465367901
0.467187167
0.466560207
0.481808675
0.497314762
0.505612057
0.489622416
0.480881747
0.468815424
0.47318606
0.488886716
0.492193112
0.506275287
0.497314762
0.489806257
0.495366749
0.494757216
0.49054128
0.500411585
0.491520473
0.498044289
0.49512298
0.492743116
0.502289293
0.504827672
0.498226588
0.499441065
0.494330321
0.490602508
0.48772075
0.47865361
0.474493535
0.490724952
0.483104931
0.484091429
0.48913201
0.496158587
0.497010635
0.490786168
0.503680156
0.498287347
0.500350955
0.49950175
0.496280352
0.500047751
0.496462973
0.493414934
0.500350955
0.513601767
0.526383963
0.527033563
0.529980983
0.517781376
0.511865083
0.499623109
0.499441065
0.499683783
0.505792981
0.503377959
0.491520473
0.504465441
0.502531321
0.50119944
0.501260019
0.49573229
0.49158164
0.485446275
0.487597938
0.486737828
0.487843547
0.47995396
0.4869222
0.48974498
0.494208318
0.49158164
0.500169044
0.503680156
0.509885182
0.510245456
0.505792981
0.500108399
0.500350955
0.497922738
0.486799289
0.483474982
0.492193112
0.491092194
0.473684347
0.46693643
0.462601299
0.467563154
0.468877996
0.467187167
0.466622921
0.465932855
0.465116708
0.46806425
0.474493535
0.460205787
0.457361554
0.465305108
0.468752847
0.486614895
0.49200971
0.495975911
0.493598078
0.507299414
0.508262341
0.488948045
0.490786168
0.49268202
0.493048544
0.503680156
0.497922738
0.495183928
0.496888958
0.504042671
0.505792981
0.507540233
0.516350334
0.515454892
0.505250109
0.505431099
0.511385467
0.519864648
0.519507824
0.515753462
0.510845624
0.50095709
0.507118762
0.506034163
0.513122983
0.502712804
0.500835892
0.497132297
0.507480034
0.508563066
0.503196597
0.499198288
0.497557997
0.487782151
0.48618451
0.487290841
0.486246005
0.489254634
0.486553423
0.490663732
0.479582604
0.480015839
0.472251102
0.467813733
0.467312511
0.467813733
0.467876368
0.470066127
0.463985557
0.474866785
0.480572581
0.479396874
0.475302068
0.469503504
0.471190425
0.465807337
0.471440097
0.477165422
0.480201454
0.487352268
0.490724952
0.486368983
0.491214578
0.49237648
0.488089097
0.48211746
0.477041307
0.485200076
0.478901426
0.480510736
0.478529679
0.469128246
0.467375178
0.468314704
0.463230745
0.454509208
0.447310579
0.443787982
0.452285079
0.444365257
0.45139404
0.451139312
0.448524598
0.45691839
0.449290588
0.440124151
0.436511477
0.437028373
0.433469305
0.432301762
0.422977533
0.421207215
0.404864928
0.403529903
0.412109651
0.407596169
0.414556985
0.409855456
0.405265088
0.403997365
0.409589923
0.418973458
0.409257906
0.421535288
0.42696564
0.42160089
0.406331399
0.412109651
0.408659999
0.396626159
0.392920081
0.398641883
0.404664788
0.41005456
0.417657149
0.424744723
0.419302265
0.425006263
0.423108543
0.421404072
0.423959691
0.429832465
0.429702332
0.430547888
0.436058973
0.437996833
0.429376928
0.427748316
0.429116528
0.432496447
0.430352824
0.430287794
0.435541576
0.422977533
0.419302265
0.426574071
0.423566943
0.421863254
0.414953286
0.412242092
0.394269335
0.392312322
0.395212732
0.402527464
0.393662396
0.37932645
0.374043238
0.36983793
0.360049245
0.36769401
0.362279211
0.368801124
0.366377719
0.365267918
0.363739928
0.377202798
0.368662802
0.374180818
0.3819235
0.381991752
0.37939488
0.3683861
0.369354221
0.369354221
0.373492729
0.386282289
0.375143348
0.38811547
0.392312322
0.387369024
0.393662396
0.393662396
0.389132453
0.393122585
0.402594325
0.401189313
0.409656313
0.412440722
0.409921829
0.401791703
0.417196031
0.418381333
0.414490919
0.415415439
0.417986389
0.416602853
0.409722698
0.407596169
0.417261918
0.423174042
0.435800308
0.425333093
0.420616412
0.422846506
0.416339105
0.4225844
0.433404477
0.437609561
0.444301132
0.444621717
0.445518808
0.450374737
0.462916072
0.467061806
0.462664262
0.463545319
0.466372043
0.463230745
0.460773664
0.448460739
0.443338761
0.444172869
0.448779993
0.443787982
0.444301132
0.444814018
0.440446077
0.439028825
0.431522642
0.435541576
0.440059753
0.440124151
0.435800308
0.428400079
0.435347483
0.431847349
0.435153352
0.431327768
0.429051418
0.436382211
0.433663762
0.429051418
0.433663762
0.4407679
0.446223101
0.446287103
0.446735002
0.441218278
0.446159094
0.448843831
0.450055991
0.459069064
0.459195431
0.457551421
0.456538378
0.452094209
0.458942682
0.459321781
0.463104888
0.463104888
0.46234941
0.467500499
0.462601299
0.457994305
0.463608222
0.470690893
0.469503504
0.462223442
0.45152138
0.460521314
0.451330364
0.449928465
0.452539515
0.4602689
0.455460894
0.466622921
0.472375813
0.472251102
0.472562852
0.475053358
0.486614895
0.48131442
0.47865361
0.46906569
0.477599706
0.477661731
0.477103366
0.473310655
0.462790175
0.464174171
0.472562852
0.468690267
0.467312511
0.455841315
0.455651123
0.454953441
0.444172869
0.442953553
0.442246952
0.446159094
0.444685821
0.456031472
0.452030577
0.454826538
0.45767798
0.455587718
0.457551421
0.461341219
0.455841315
0.441089619
0.446735002
0.4403817
0.439093289
0.436317572
0.430872912
0.433598947
0.434635485
0.433145124
0.429702332
0.438254931
0.433469305
0.445454756
0.437545002
0.443852141
0.439222205
0.436511477
0.44134692
0.442953553
0.444621717
0.45527063
0.459827023
0.461845442
0.462979014
0.467688451
0.469753598
0.463545319
0.470003629
0.469253348
0.458500218
0.465932855
0.465556254
0.461215123
0.470878247
0.478839478
0.4819322
0.478467708
0.476917176
0.476855104
0.474306857
0.476358395
0.476109948
0.470441034
0.472438163
0.477847783
0.475923572
0.480819922
0.485692414
0.484029801
0.478467708
0.483104931
0.478591646
0.477351567
0.485938492
0.486553423
0.490112582
0.487167975
0.486676364
0.482487876
0.47995396
0.482611317
0.47380888
0.475115541
0.480696259
0.474866785
0.471502505
0.478467708
0.484522715
0.489254634
0.492498707
0.484584313
0.477599706
0.47262519
0.469503504
0.470690893
0.474493535
0.4717521
0.476917176
0.478219784
0.488334586
0.49054128
0.489990063
0.493659119
0.491398126
0.486000002
0.486676364
0.491765121
0.490296333
0.486553423
0.489499837
0.495244872
0.502168257
0.501320594
0.500654068
0.499683783
0.508442787
0.508743458
0.5132427
0.510125379
0.499987099
0.500047751
0.494025285
0.49268202
0.494940115
0.492620919
0.491336947
0.488027715
0.482240947
0.4819322
0.485630885
0.480448887
0.484707496
0.484214672
0.477661731
0.481252621
0.486983649
0.495001073
0.501381165
0.499258987
0.497618796
0.490663732
0.492926384
0.496280352
0.492070847
0.497557997
0.494940115
0.492620919
0.484091429
0.493292818
0.492926384
0.48205571
0.47983019
0.48205571
0.482549598
0.485200076
0.474431313
0.470378559
0.46743784
0.469378434
0.470066127
0.473871141
0.473310655
0.474617967
0.475239896
0.47380888
0.470253598
0.468377308
0.473684347
0.464174171
0.464551292
0.476668867
0.47871557
0.478467708
0.473622075
0.477661731
0.479582604
0.490480049
0.488580015
0.487167975
0.495001073
0.490480049
0.493109618
0.496280352
0.488334586
0.488457308
0.49634123
0.486000002
0.494147311
0.4896837
0.489561128
0.478343754
0.484830663
0.48722941
0.4940863
0.498105059
0.503377959
0.501744515
0.498651823
0.497922738
0.500472212
0.493109618
0.487413691
0.492743116
0.495183928
0.488518663
0.485507816
0.481129012
0.483474982
0.477351567
0.466372043
0.469440971
0.467375178
0.462664262
0.461341219
0.456094849
0.455397477
0.457424847
0.456855064
0.45139404
0.453429535
0.438254931
0.428074251
0.434959183
0.442439711
0.446862937
0.443081972
0.446479084
0.443659654
0.433858183
0.437480438
0.43567095
0.434700233
0.442246952
0.449035323
0.443210374
0.454382248
0.45527063
0.458689869
0.453874247
0.451903302
0.455777922
0.456855064
0.467061806
0.469878621
0.470066127
0.468439907
0.476172065
0.478095799
0.475426399
0.466811038
0.466811038
0.472562852
0.472064005
0.473559799
0.475550716
0.464802627
0.465932855
0.4740579
0.464362749
0.458816284
0.453111762
0.454572682
0.457804522
0.447374511
0.446862937
0.439866535
0.437996833
0.434311683
0.438899884
0.444493495
0.451330364
0.450438474
0.444493495
0.44775802
0.444685821
0.451712359
0.44654307
0.449226778
0.443659654
0.436899174
0.436058973
0.439157749
0.441153951
0.438190413
0.44871615
0.449545787
0.449737144
0.443916294
0.446671029
0.449226778
0.435606265
0.432820838
0.441025284
0.439157749
0.447821924
0.445967051
0.437932298
0.433469305
0.435541576
0.43722214
0.427161366
0.427422275
0.426443514
0.426900389
0.427552705
0.43424691
0.437480438
0.443146175
0.442568196
0.446351101
0.448396875
0.450438474
0.452921049
0.451712359
0.454889991
0.459574434
0.457804522
0.458373764
0.458753078
0.463482412
0.458563439
0.458563439
0.454572682
0.455334055
0.450565935
0.45062966
0.457424847
0.459132249
0.460647497
0.456031472
0.449099145
0.453937762
0.462160452
0.458942682
0.463796907
0.464802627
0.467312511
0.459637587
0.461530332
0.452157836
0.453747207
0.45938495
0.449418196
0.447310579
0.45139404
0.449481994
0.451776011
0.460205787
0.463356587
0.46140426
0.46203446
0.458753078
0.461782428
0.468189485
0.46693643
0.463041953
0.467375178
0.470503504
0.471502505
0.464551292
0.463104888
0.459195431
0.461908452
0.463230745
0.461341219
0.464174171
0.467500499
0.460395115
0.463734016
0.465242312
0.471440097
0.473248359
0.477599706
0.478219784
0.478963371
0.480139586
0.481561578
0.486430467
0.484522715
0.483721606
0.482426149
0.481067202
0.479396874
0.481808675
0.47983019
0.477971799
0.479087248
0.474306857
0.475737161
0.469566034
0.464362749
0.457234956
0.458500218
0.459637587
0.455016887
0.450565935
0.449226778
0.448907666
0.449928465
0.447310579
0.436834568
0.432107039
0.429376928
0.430742915
0.430677911
0.438061364
0.440059753
0.436576103
0.437351297
0.442760893
0.43857746
0.442311209
0.452030577
0.448907666
0.45266671
0.452221459
0.444172869
0.443916294
0.443017764
0.447374511
0.442632432
0.439479987
0.45152138
0.450502207
0.450374737
0.443980444
0.439866535
0.437932298
0.439995351
0.439544422
0.438319445
0.433598947
0.443081972
0.447054808
0.448141382
0.448077499
0.45266671
0.446159094
0.438706442
0.438641953
0.43812589
0.450247251
0.45412828
0.451712359
0.449673363
0.440574819
0.439222205
0.447246642
0.44487811
0.44603107
0.448269137
0.447118757
0.450438474
0.450055991
0.449609577
0.44999223
0.453175324
0.450884518
0.451839659
0.456601724
0.462538333
0.461278173
0.458057558
0.457045028
0.458626656
0.459511277
0.456475029
0.461593362
0.462853125
0.461845442
0.463859794
0.465744572
0.470628434
0.469378434
0.474369087
0.476668867
0.479644506
0.483474982
0.485569352
0.485138517
0.483783253
0.483351647
0.484276289
0.483598302
0.481685134
0.480263318
0.484584313
0.480387035
0.478095799
0.478343754
0.474742384
0.481870439
0.478467708
0.471689707
0.470191112
0.470378559
0.472812182
0.474493535
0.474431313
0.476917176
0.479273035
0.472749855
0.470253598
0.47100313
0.467061806
0.472375813
0.477351567
0.47654469
0.472064005
0.474555753
0.478033801
0.478095799
0.471315269
0.468690267
0.469816112
0.46906569
0.469003129
0.463482412
0.462286428
0.461908452
0.460016423
0.461656388
0.462664262
0.464299894
0.465430689
0.46699912
0.466058357
0.4717521
0.471689707
0.471377685
0.470878247
0.472562852
0.470815799
0.475675016
0.476296289
0.476047826
0.47318606
0.472438163
0.474680177
0.477165422
0.479273035
0.476979243
0.480819922
0.482673032
0.485630885
0.485323183
0.487290841
0.480696259
0.477661731
0.47778577
0.478591646
0.476234179
0.479520698
0.485815461
0.485446275
0.485815461
0.476668867
0.474306857
0.477227474
0.473497518
0.471440097
0.480448887
0.478219784
0.474866785
0.4740579
0.470441034
0.469566034
0.461845442
0.459321781
0.45989016
0.4602689
0.456855064
0.457361554
0.450757097
0.455080329
0.457488136
0.46102595
0.45062966
0.454889991
0.448460739
0.448652303
0.452094209
0.457488136
0.448460739
0.44871615
0.440960944
0.437867759
0.439415547
0.435994313
0.433404477
0.420944679
0.422256671
0.416273157
0.416273157
0.413763911
0.416009322
0.416273157
0.407995238
0.413102535
0.413896134
0.406664389
0.406398006
0.400452566
0.399782325
0.398977442
0.400318554
0.410983189
0.413036374
0.41257312
0.412043423
0.412109651
0.41693244
0.420682074
0.417064244
0.416009322
0.414094435
0.418249702
0.418578747
0.420616412
0.412374516
0.414094435
0.421010319
0.427617913
0.422387775
0.426769875
0.427422275
0.430872912
0.428074251
0.424286862
0.429311835
0.421207215
0.423894244
0.420747732
0.424613927
0.421338457
0.423108543
0.433987775
0.436511477
0.438254931
0.440317319
0.441797037
0.44051045
0.443017764
0.4407679
0.43722214
0.440446077
0.434959183
0.429051418
0.425202374
0.419302265
0.420944679
0.423305026
0.416668779
0.422322225
0.415679431
0.408792898
0.41257312
0.413896134
0.412043423
0.408128226
0.414160526
0.420813385
0.418578747
0.426704611
0.426051742
0.432171951
0.444685821
0.441989883
0.442889337
0.4476302
0.449800922
0.452348694
0.45152138
0.452412305
0.447374511
0.43722214
0.438835408
0.433015422
0.433987775
0.433209968
0.42618235
0.4225844
0.419565232
0.419828131
0.4158114
0.424156007
0.410253625
0.398104754
0.402126207
0.396558899
0.406464608
0.417657149
0.41257312
0.412109651
0.416075287
0.419499497
0.420485075
0.423108543
0.429181635
0.429702332
0.426247647
0.431132855
0.430612902
0.427813512
0.421207215
0.419170755
0.413433278
0.424875502
0.428921184
0.428465232
0.437545002
0.4407679
0.43812589
0.435735631
0.434959183
0.438254931
0.447502364
0.44654307
0.44775802
0.449035323
0.448843831
0.443916294
0.442696665
0.443146175
0.441282601
0.439930945
0.438512962
0.438512962
0.441089619
0.441989883
0.446351101
0.44404459
0.446798972
0.45082081
0.453238883
0.458563439
0.457741253
0.462223442
0.463482412
0.463985557
0.479087248
0.472001632
0.470378559
0.47262519
0.470253598
0.475053358
0.472562852
0.47865361
0.481561578
0.48211746
0.483844895
0.479706405
0.470628434
0.476047826
0.475239896
0.467124488
0.468001627
0.467312511
0.468940564
0.469878621
0.46693643
0.480263318
0.480387035
0.479149181
0.484645906
0.480201454
0.482549598
0.480263318
0.478839478
0.472936823
0.472438163
0.472500509
0.465367901
0.468001627
0.472874504
0.475053358
0.476047826
0.471065565
0.469315893
0.464048432
0.473559799
0.474120145
0.477351567
0.476793029
0.477475644
0.47654469
0.482364419
0.484029801
0.479644506
0.483413316
0.487782151
0.491214578
0.492743116
0.49200971
0.494147311
0.493720156
0.490602508
0.49158164
0.496523839
0.497436387
0.493109618
0.491642804
0.488580015
0.488395949
0.486368983
0.494147311
0.492865298
0.490786168
0.49200971
0.492743116
0.491703965
0.495366749
0.499744454
0.500835892
0.50422388
0.504767309
0.497922738
0.495793201
0.495062029
0.494818186
0.497618796
0.499623109
0.499744454
0.493659119
0.497132297
0.492926384
0.491887423
0.496158587
0.496462973
0.499380376
0.505310443
0.509044038
0.499683783
0.505913579
0.505551741
0.504586199
0.499865784
0.497071468
0.488886716
0.490112582
0.48913201
0.489928798
0.495366749
0.494879152
0.497740384
0.506576609
0.510365518
0.515634045
0.513661599
0.511865083
0.511625304
0.509885182
0.507780994
0.510185419
0.511685254
0.51108559
0.512104805
0.515514613
0.510845624
0.510665611
0.514140125
0.515215972
0.513601767
0.509524778
0.507841175
0.507961526
0.508262341
0.509644927
0.509044038
0.506395827
0.503257054
0.501017683
0.499926443
0.500654068
0.502531321
0.505792981
0.507480034
0.509104143
0.510545585
0.5086232
0.508382642
0.506697113
0.505310443
0.507299414
0.515634045
0.51837704
0.517900537
0.514797725
0.514558647
0.514618422
0.518615206
0.518436587